./pre_img/01000019/69.png 340 8 414 102
./pre_img/01000019/86.png
./pre_img/01000019/155.png 247 85 382 266
./pre_img/01000019/126.png 299 141 392 258
./pre_img/01000019/96.png 324 190 386 269
./pre_img/01000019/62.png 358 104 435 203
./pre_img/01000019/60.png 351 185 426 280
./pre_img/01000019/73.png 383 23 453 113
./pre_img/01000019/102.png 305 185 370 265
./pre_img/01000019/163.png 152 97 330 322
./pre_img/01000019/156.png 281 78 413 246
./pre_img/01000019/171.png 253 54 406 249
./pre_img/01000019/120.png 305 158 390 263
./pre_img/01000019/186.png 233 82 382 270
./pre_img/01000019/154.png 247 85 382 266
./pre_img/01000019/55.png 343 177 412 268
./pre_img/01000019/133.png 299 147 394 263
./pre_img/01000019/85.png
./pre_img/01000019/74.png 409 49 474 135
./pre_img/01000019/127.png 299 141 392 258
./pre_img/01000019/148.png 281 108 392 251
./pre_img/01000019/164.png 152 97 330 322
./pre_img/01000019/93.png 325 199 378 267
./pre_img/01000019/149.png 281 108 392 251
./pre_img/01000019/181.png 232 64 386 264
./pre_img/01000019/160.png 295 97 416 255
./pre_img/01000019/121.png 287 138 387 263
./pre_img/01000019/100.png 306 199 365 275
./pre_img/01000019/72.png 383 23 453 113
./pre_img/01000019/87.png
./pre_img/01000019/106.png 296 177 366 268
./pre_img/01000019/152.png 307 114 419 251
./pre_img/01000019/79.png 341 62 404 143
./pre_img/01000019/129.png 300 141 392 258
./pre_img/01000019/56.png 337 179 408 269
./pre_img/01000019/83.png 355 74 416 152
./pre_img/01000019/57.png 337 179 408 269
./pre_img/01000019/185.png 232 59 386 263
./pre_img/01000019/124.png 299 134 391 251
./pre_img/01000019/161.png 272 97 401 266
./pre_img/01000019/136.png 301 142 396 262
./pre_img/01000019/145.png 292 128 395 255
./pre_img/01000019/91.png 337 196 391 266
./pre_img/01000019/178.png 226 50 382 255
./pre_img/01000019/177.png 231 48 385 253
./pre_img/01000019/159.png 295 97 416 255
./pre_img/01000019/187.png 233 82 382 270
./pre_img/01000019/134.png 299 147 394 263
./pre_img/01000019/179.png 226 50 382 255
./pre_img/01000019/123.png 299 134 391 251
./pre_img/01000019/182.png 232 64 386 264
./pre_img/01000019/98.png 306 199 365 275
./pre_img/01000019/122.png 287 138 387 263
./pre_img/01000019/170.png 265 58 412 249
./pre_img/01000019/77.png 375 54 438 136
./pre_img/01000019/141.png 287 144 394 280
./pre_img/01000019/104.png 311 188 375 270
./pre_img/01000019/84.png
./pre_img/01000019/64.png 331 13 407 113
./pre_img/01000019/90.png 353 104 414 181
./pre_img/01000019/108.png 297 185 367 276
./pre_img/01000019/66.png 330 0 405 98
./pre_img/01000019/113.png 318 170 391 265
./pre_img/01000019/76.png 375 54 438 136
./pre_img/01000019/65.png 331 13 407 113
./pre_img/01000019/196.png 227 85 378 283
./pre_img/01000019/80.png 341 62 404 143
./pre_img/01000019/99.png 306 199 365 275
./pre_img/01000019/89.png 353 104 414 181
./pre_img/01000019/58.png 351 185 426 280
./pre_img/01000019/51.png 338 168 412 265
./pre_img/01000019/190.png 236 87 386 280
./pre_img/01000019/50.png 338 170 411 263
./pre_img/01000019/150.png 281 108 392 251
./pre_img/01000019/151.png 307 114 419 251
./pre_img/01000019/189.png 236 87 386 280
./pre_img/01000019/188.png 236 87 386 280
./pre_img/01000019/175.png 240 44 394 248
./pre_img/01000019/71.png 383 23 453 113
./pre_img/01000019/199.png 226 87 377 288
./pre_img/01000019/82.png 355 74 416 152
./pre_img/01000019/92.png 337 196 391 266
./pre_img/01000019/68.png 330 0 405 98
./pre_img/01000019/52.png 338 168 412 265
./pre_img/01000019/131.png 299 140 394 261
./pre_img/01000019/174.png 240 44 394 248
./pre_img/01000019/67.png 330 0 405 98
./pre_img/01000019/95.png 325 199 378 267
./pre_img/01000019/184.png 232 59 386 263
./pre_img/01000019/166.png 273 67 414 254
./pre_img/01000019/59.png 351 185 426 280
./pre_img/01000019/125.png 299 134 391 251
./pre_img/01000019/105.png 311 188 375 270
./pre_img/01000019/111.png 284 164 366 269
./pre_img/01000019/197.png 227 85 378 283
./pre_img/01000019/191.png 231 82 382 282
./pre_img/01000019/142.png 287 144 394 280
./pre_img/01000019/147.png 312 128 411 254
./pre_img/01000019/97.png 324 190 386 269
./pre_img/01000019/168.png 265 58 412 249
./pre_img/01000019/193.png 227 84 379 284
./pre_img/01000019/110.png 297 185 367 276
./pre_img/01000019/63.png 331 13 407 113
./pre_img/01000019/61.png 358 104 435 203
./pre_img/01000019/139.png 298 140 395 263
./pre_img/01000019/109.png 297 185 367 276
./pre_img/01000019/132.png 299 140 394 261
./pre_img/01000019/169.png 265 58 412 249
./pre_img/01000019/165.png 152 97 330 322
./pre_img/01000019/180.png 226 50 382 255
./pre_img/01000019/176.png 231 48 385 253
./pre_img/01000019/183.png 232 59 386 263
./pre_img/01000019/81.png 355 74 416 152
./pre_img/01000019/54.png 343 177 412 268
./pre_img/01000019/112.png 284 164 366 269
./pre_img/01000019/135.png 299 147 394 263
./pre_img/01000019/198.png 226 87 377 288
./pre_img/01000019/103.png 311 188 375 270
./pre_img/01000019/128.png 300 141 392 258
./pre_img/01000019/88.png
./pre_img/01000019/192.png 231 82 382 282
./pre_img/01000019/157.png 281 78 413 246
./pre_img/01000019/137.png 301 142 396 262
./pre_img/01000019/153.png 247 85 382 266
./pre_img/01000019/130.png 300 141 392 258
./pre_img/01000019/167.png 273 67 414 254
./pre_img/01000019/194.png 227 84 379 284
./pre_img/01000019/115.png 318 170 391 265
./pre_img/01000019/144.png 292 128 395 255
./pre_img/01000019/53.png 338 168 412 265
./pre_img/01000019/138.png 298 140 395 263
./pre_img/01000019/101.png 305 185 370 265
./pre_img/01000019/143.png 292 128 395 255
./pre_img/01000019/158.png 295 97 416 255
./pre_img/01000019/70.png 340 8 414 102
./pre_img/01000019/117.png 305 151 389 261
./pre_img/01000019/94.png 325 199 378 267
./pre_img/01000019/140.png 298 140 395 263
./pre_img/01000019/195.png 227 84 379 284
./pre_img/01000019/107.png 296 177 366 268
./pre_img/01000019/118.png 305 158 390 263
./pre_img/01000019/75.png 409 49 474 135
./pre_img/01000019/172.png 253 54 406 249
./pre_img/01000019/114.png 318 170 391 265
./pre_img/01000019/116.png 305 151 389 261
./pre_img/01000019/78.png 375 54 438 136
./pre_img/01000019/146.png 312 128 411 254
./pre_img/01000019/162.png 272 97 401 266
./pre_img/01000019/173.png 240 44 394 248
./pre_img/01000019/119.png 305 158 390 263
