./pre_img/123456789/29.png 176 44 325 236
./pre_img/123456789/40.png 186 58 324 233
./pre_img/123456789/22.png 184 53 335 243
./pre_img/123456789/18.png 180 45 332 236
./pre_img/123456789/25.png 175 46 332 244
./pre_img/123456789/43.png 185 58 324 237
./pre_img/123456789/13.png 171 62 332 263
./pre_img/123456789/10.png 184 63 332 251
./pre_img/123456789/44.png 185 58 324 237
./pre_img/123456789/20.png 191 55 332 229
./pre_img/123456789/16.png 165 68 322 263
./pre_img/123456789/19.png 180 45 332 236
./pre_img/123456789/42.png 185 58 324 237
./pre_img/123456789/49.png 185 58 324 239
./pre_img/123456789/14.png 171 62 332 263
./pre_img/123456789/15.png 165 68 322 263
./pre_img/123456789/34.png 191 59 332 235
./pre_img/123456789/46.png 179 56 317 233
./pre_img/123456789/32.png 191 59 332 235
./pre_img/123456789/24.png 184 53 335 243
./pre_img/123456789/28.png 176 44 325 236
./pre_img/123456789/48.png 185 58 324 239
./pre_img/123456789/11.png 184 63 332 251
./pre_img/123456789/12.png 171 62 332 263
./pre_img/123456789/33.png 191 59 332 235
./pre_img/123456789/2.png 198 54 338 232
./pre_img/123456789/7.png 193 66 332 243
./pre_img/123456789/38.png 192 65 316 225
./pre_img/123456789/37.png 192 65 316 225
./pre_img/123456789/4.png 198 54 338 232
./pre_img/123456789/3.png 198 54 338 232
./pre_img/123456789/31.png 192 59 335 240
./pre_img/123456789/9.png 193 66 332 243
./pre_img/123456789/5.png 204 57 348 239
./pre_img/123456789/36.png 188 57 328 238
./pre_img/123456789/35.png 188 57 328 238
./pre_img/123456789/47.png 185 58 324 239
./pre_img/123456789/41.png 186 58 324 233
./pre_img/123456789/8.png 193 66 332 243
./pre_img/123456789/30.png 192 59 335 240
./pre_img/123456789/23.png 184 53 335 243
./pre_img/123456789/26.png 175 46 332 244
./pre_img/123456789/21.png 191 55 332 229
./pre_img/123456789/1.png 173 29 309 203
./pre_img/123456789/27.png 176 44 325 236
./pre_img/123456789/39.png 192 65 316 225
./pre_img/123456789/17.png 180 45 332 236
./pre_img/123456789/45.png 179 56 317 233
./pre_img/123456789/6.png 204 57 348 239
