./pre_img/13421/18.png 72 53 133 126
./pre_img/13421/13.png 60 46 123 124
./pre_img/13421/10.png 81 45 136 114
./pre_img/13421/16.png 72 53 133 126
./pre_img/13421/14.png 73 47 134 128
./pre_img/13421/15.png 73 47 134 128
./pre_img/13421/11.png 60 46 123 124
./pre_img/13421/12.png 60 46 123 124
./pre_img/13421/2.png 62 28 127 116
./pre_img/13421/7.png 70 50 125 120
./pre_img/13421/4.png 72 49 129 122
./pre_img/13421/3.png 62 28 127 116
./pre_img/13421/9.png 81 45 136 114
./pre_img/13421/5.png 72 49 129 122
./pre_img/13421/8.png 70 50 125 120
./pre_img/13421/1.png 62 28 127 116
./pre_img/13421/17.png 72 53 133 126
./pre_img/13421/6.png 70 50 125 120
